[fon.jpg]
filters=TwoTone=1,-31.666664,46.198830,0.000000,ffe8e8e8,ff000120;
moddate=8bee6da562b1d201
width=1280
height=900
textactive=0
